0
0
0
0
0
0
0
0
4
9
0
0
0
0
0
23
0
36
12
7
0
0
4
0
0
0
2
4
2
3
5
194
0
0
0
17
0
6
5
0
0
0
14
2
4
0
0
4
0
0
0
0
3
0
5
47
0
0
0
0
0
0
0
0
0
2
0
0
0
0
0
46
30
9
0
17
0
14
0
0
9
0
0
0
0
149
9
7
0
0
2
0
0
4
11
0
12
0
0
23
7
0
1
0
0
0
3
0
0
1
0
26
1
3
0
226
25
0
0
4
3
19
0
5
0
18
0
16
0
2
0
0
3
0
0
47
109
0
9
44
0
0
24
0
19
26
88
8
172
169
336
32
4
6
1
0
16
0
0
4
39
8
0
3
2
72
10
45
6
6
23
24
11
3
49
154
389
1,539
1
0
2
25
150
46
26
32
4
34
22
118
21
9
33
14
4
3
157
9
6
0
5
40
38
0
1
13
100
49
0
0
60
2
0
6
1
26
57
11
50
0
0
0
3
0
0
19
172
90
4
17
0
0
29
6
0
31
397
221
11
0
0
18
17
102
48
80
123
24
8
19
87
19
39
112
21
13
0
39
36
44
80
155
164
56
55
12
129
71
152
667
50
169
65
51
33
1,479
125
1
97
29
8
33
10
1
101
68
6
20
6
10
2
8
30
1
850
310
31
61
65
10
1
55
111
37
145
69
95
75
112
62
77
112
2
2
16
38
0
2
42
100
86
96
124
51
21
10
9
12
17
75
553
88
26
1,054
16
9
38
25
3
33
89
15
647
2
28
7
41
14
19
215
46
0
19
0
43
2
8
2
6
5
9
136
11
58
0
2
27
154
10
30
0
10
24
28
15
0
2
1
0
2
22
5
1
180
0
6
0
8
86
18
51
12
2
7
2
3
0
5
8
3
0
0
5
1
4
0
6
1
1
10
7
1
15
1
0
30
1
1
26
4
1
7
56
0
0
12
0
7
30
7
18
1
5
49
0
1
2
1
9
4
0
13
8
4
1
0
2
3
0
5
29
10
0
1
0
0
0
0
0
5
1
0
0
11
8
2
25
13
0
19
0
19
0
2
18
25
0
5
29
168
0
0
5
2
1
28
3
1
5
1
15
0
0
0
1
0
1
1
50
15
0
3
26
5
0
6
1
7
6
5
67
8
5
1
8
263
276
14
12
5
1
0
0
0
4
53
6
0
3
14
0
0
1
142
0
0
10
20
29
16
3
2
4
31
0
0
3
4
2
0
1
0
1
1
0
0
2
0
41
21
0
0
10
0
19
4
24
0
2
13
15
4
9
0
1
1
2
0
5
4
0
0
3
13
0
9
0
0
1
0
1
3
0
1
2
0
5
34
16
6
1
4
11
3
2
2
64
11
33
1
5
7
1
21
1
4
2
1
2
6
4
12
11
0
0
1
3
8
102
38
0
3
7
5
9
6
12
11
11
39
2
21
9
12
22
12
11
1
2
3
47
1
0
0
0
2
3
11
4
5
3
19
8
2
0
1
7
1
0
8
0
0
31
5
0
0
1
0
0
2
2
0
1
2
0
18
19
0
1
2
8
0
0
1
2
0
22
5
0
3
5
6
12
44
0
0
93
13
1
3
9
0
1
0
14
26
10
2
2
53
4
70
13
3
0
0
8
8
6
2
18
0
12
8
11
33
1
1
0
45
13
2
5
6
8
4
16
12
0
0
4
23
0
9
19
78
4
2
7
15
384
9
2
16
1
16
1
10
14
6
3
14
1
22
5
2
4
10
26
1
0
25
124
12
50
2
10
13
2
15
2
8
25
259
10
2
10
30
129
7
49
7
19
19
1
7
769
11
26
0
4
0
103
55
0
15
15
5
14
71
8
0
2
6
7
1
2
6
1
1
15
31
6
17
0
59
10
7
45
0
12
11
8
57
97
31
6
3
14
11
555
1
41
2
3
17
0
7
2
5
10
12
3
3
18
16
4
45
4
14
15
4
1
71
0
0
2
14
16
4
0
5
19
8
0
6
0
1
19
2
3
63
11
48
20
27
92
37
3
27
27
73
5
11
17
6
3
1
8
5
0
1
0
26
0
8
78
9
1
5
9
11
12
8
16
4
247
21
18
285
37
188
0
103
352
46
47
34
3
223
33
9
10
10
1
51
194
12
17
20
20
23
27
29
10
19
18
7
89
0
3
9
0
14
1
28
2
11
70
53
1
28
3
10
28
3
4
69
53
13
42
21
39
7
12
5
1
242
21
3
12
7
25
0
3
2
0
2
67
104
14
5
24
4
14
5
7
5
3
3
10
8
56
19
8
4
1
13
14
9
1
0
105
6
2
16
5
8
23
16
39
17
0
32
19
33
7
10
0
0
27
1
2
5
4
50
7
22
1
2
3
11
4
10
8
1
4
1
40
5
52
36
4
19
4
1
0
17
24
58
4
14
9
3
32
115
3
16
7
6
1
43
14
14
7
5
8
0
0
72
24
0
13
9
8
10
5
11
29
2
10
4
15
28
12
12
2
16
39
28
1
1
0
2
5
6
4
12
1
17
0
30
2
8
4
15
14
2
15
6
9
9
10
13
4
15
3
46
12
11
2
0
2
2
8
16
18
2
16
11
4
0
29
10
19
5
95
19
2
0
17
3
4
10
7
11
0
15
10
15
20
0
14
45
5
24
5
57
5
56
8
7
0
0
3
1
0
59
10
4
23
3
0
23
8
10
4
28
12
11
37
3
5
15
3
19
10
9
11
19
45
19
237
17
61
49
61
29
190
270
41
75
27
1
55
366
47
38
6
63
21
89
86
47
49
28
27
85
89
40
52
32
87
44
26
37
10
19
12
47
30
22
51
4
48
59
125
25
21
6
28
16
8
4
4
106
41
1
2
22
47
26
97
10
18
42
140
18
11
15
11
45
239
71
30
49
130
8
1
20
53
21
44
98
11
6
15
2
1
14
2
14
4
8
20
26
20
5
2
1
14
34
86
7
11
83
23
27
36
9
27
55
73
8
69
3
41
24
12
6
12
15
24
70
58
14
29
7
6
44
12
34
30
53
6
19
7
55
13
13
12
15
8
35
29
48
15
6
26
9
14
6
9
19
94
189
2
22
28
47
30
34
8
9
16
1
3
8
13
0
18
15
11
11
8
6
11
12
21
34
10
5
4
48
38
0
25
9
45
473
202
47
24
26
9
15
60
10
45
80
7
2
135
48
142
19
51
14
62
6
10
13
39
10
21
10
131
39
67
9
2
8
30
41
34
39
59
37
15
102
36
21
34
53
40
107
217
60
13
47
49
24
168
41
75
89
26
15
88
355
192
51
94
35
119
231
55
0
6
3
219
706
11
13
2
1
25
6
11
1
39
13
43
18
10
71
18
14
27
31
20
29
25
40
4
349
41
46
9
40
20
4
152
53
4
2
13
12
24
20
61
63
49
109
155
19
39
6
16
15
3
1
3
22
50
850
14
6
15
1
7
9
9
4
3
8
22
43
20
9
24
52
210
31
15
62
93
23
2
20
4
39
36
17
1
44
16
26
36
55
94
8
6
9
24
13
5
21
18
17
17
33
40
63
116
126
9
23
55
19
23
57
22
41
19
33
111
14
8
23
6
53
44
24
87
95
23
15
4
15
14
144
63
66
25
15
13
18
11
33
14
18
20
15
6
5
69
8
4
7
33
23
13
8
9
15
5
0
4
5
23
5
8
6
4
5
24
33
5
0
21
176
63
94
37
3
14
24
23
6
12
1
14
0
2
19
6
2
4
20
11
14
22
23
29
17
86
12
18
0
9
6
129
17
4
11
6
39
5
9
0
1
4
1
24
35
10
96
6
25
3
4
14
13
11
5
8
2
20
20
15
6
80
3
21
26
18
7
9
6
18
13
20
14
75
21
59
62
16
25
14
20
39
220
36
19
25
2
10
9
9
27
19
154
12
18
6
61
187
0
30
79
8
3
7
4
4
17
8
9
22
19
76
22
21
9
6
4
8
21
35
42
9
27
15
44
110
26
66
56
72
1,511
840
57
686
37
13
41
32
51
17
245
88
46
36
682
38
84
5
140
29
38
32
18
29
47
35
134
453
122
179
23
33
14
2
40
33
10
48
227
145
98
1,513
40
76
33
23
23
35
12
57
125
52
28
57
10
16
2
94
26
13
20
14
29
205
36
10
15
34
20
30
12
114
102
58
33
11
32
29
143
33
398
72
11
59
36
85
99
42
133
49
13
178
77
51
48
23
145
155
311
16
19
27
3
226
86
165
31
28
28
55
14
17
30
41
69
16
31
87
39
48
15
44
27
171
9
217
44
12
19
24
15
29
23
52
2
102
61
41
21
6
5
3
6
13
20
14
59
16
113
21
142
36
357
54
24
218
39
73
47
80
33
71
60
252
59
17
8
4
6
10
2
1
5
275
10
27
9
5
2
3
5
8
29
11
22
5
7
100
9
3
38
73
10
18
84
17
17
22
13
0
21
47
6
25
18
52
17
73
61
14
19
2
23
35
35
61
4
15
43
59
93
25
59
66
5
64
88
74
21
276
89
51
18
72
63
41
44
40
43
81
11
25
12
473
129
15
31
97
11
251
57
80
21
37
12
24
7
43
25
11
37
64
44
51
123
138
50
59
104
22
32
26
16
50
56
15
46
84
136
34
66
101
91
51
48
78
112
41
329
48
39
82
40
31
31
135
95
18
22
22
217
110
72
256
54
224
105
137
40
51
148
22
15
35
87
137
73
359
71
90
123
483
151
990
420
130
185
92
37
54
15
30
13
36
54
32
16
9
87
383
164
126
40
27
16
5
37
42
85
40
22
644
44
98
27
8
15
36
36
25
47
46
108
188
76
75
26
110
56
33
14
19
33
5
40
29
140
28
94
8
12
71
7
2
38
10
21
8
23
65
99
7
51
13
8
7
14
9
14
32
5
20
7
195
12
4
73
10
15
34
40
27
6
28
8
3
40
11
12
22
7
10
19
14
21
5
46
24
14
85
26
22
52
22
20
83
52
19
7
11
36
103
14
8
77
38
26
46
112
8
15
43
13
129
13
4
46
16
35
228
144
24
2
5
40
2
11
15
27
32
21
10
28
52
5
7
36
58
26
68
8
0
60
91
194
0
0
0
0
0
0
0
0
0
0
0
0
0
0
0
0
0
0
0
0
0
0
0
0
0
0
0
0
0
0
0
0
0
0
0
0
0
0
0
0
0
0
0
0
0
0
0
0
0
0
0
0
0
0
0
0
0
0
0
0
0
0
0
0
0
0
0
0
0
0
0
0
0
0
0
0
0
0
0
0
0
0
0
0
0
0
0
0
0
0
0
0
0
0
0
0
0
0
0
0
0
0
0
0
0
0
0
0
0
0
0
0
0
0
0
0
0
0
0
0
0
0
0
0
0
0
0
0
0
0
0
0
0
0
0
0
0
0
0
0
0
0
0
0
0
0
0
0
0
0
0
0
0
0
0
0
0
0
0
0
0
0
0
0
0
0
0
0
0
0
0
0
0
0
0
0
0
0
0
0
0
0
0
0
0
0
0
0
0
0
0
0
0
0
0
0
0
0
0
0
0
0
0
0
0
0
0
0
0
18
14
41
5
41
